\chapter{LU分解}
\section{LU 分解简介}
$LU$ 分解能够将 $m\times m$ 的满矩阵或稀疏矩阵 $A$ 分解成为一个 $m\times m$ 上三角矩阵 $U$ 和一个 $m\times m$ 经过置换的下三角矩阵 $L$，满足
\begin{equation}
    A = LU
    \label{LU-decomposition}
\end{equation}

另一种 $LU$ 分解的形式是将 $A$ 分解成为一个置换矩阵 $P$、 一个 $m\times m$ 上三角矩阵 $R$ 和一个 $m\times m$ 下单位三角矩阵 $Q$
\begin{equation}
    A = P^TLU
    \label{QRP-decomposition}
\end{equation}

LU 分解需要满足如下条件：
\begin{itemize}
    \item 矩阵是方阵
    \item 矩阵是可逆的，即矩阵是满秩矩阵，每一行都是独立向量
    \item 消元过程中没有0主元出现，也就是消元过程中不能出现行交换的初等变换。
\end{itemize}

\section{LU 分解的 Matlab 实现及结果验证}
用 Matlab 自带的函数 \lstinline|rand()| 创建一个大小为 $5\times 5$ 的随机矩阵


\begin{lstlisting}[language=Matlab]  
>> A=rand(5,5)*20
A =
    14.2243   8.4833    0.5844    4.7457    4.6319
    4.4349   10.1572   18.5771    9.1770    9.7780
    2.3484    1.7103   14.6066   19.2618   12.4812
    5.9335    5.2496    9.7722   10.9361   13.5827
    6.3756   16.0203   11.5705   10.4227    7.9103
\end{lstlisting}


向下取整后作为项目测试用的矩阵$A$
\begin{equation}
    A=\begin{bmatrix}
        14 & 8  & 0  & 4  & 4  \\
        4  & 10 & 18 & 9  & 9  \\
        2  & 1  & 14 & 19 & 12 \\
        5  & 5  & 9  & 10 & 13 \\
        6  & 16 & 11 & 10 & 7
    \end{bmatrix}
\end{equation}

随机产生列向量 $b$
\begin{lstlisting}[language=Matlab]  
>> b=rand(5,1)*20
b =
   12.9798
   16.0066
    9.0760
    8.6478
   16.5063
\end{lstlisting}

取 $b=[12,16,9,8,16]$

设置矩阵$A$
\begin{lstlisting}[language=Matlab]  
>> A = [
    14, 8,  0,  4,  4;
    4, 10, 18,  9,  9;
    2,  1, 14, 19, 12; 
    5,  5,  9, 10, 13; 
    6, 16, 11, 10,  7
    ]
A =
    14     8     0     4     4
     4    10    18     9     9
     2     1    14    19    12
     5     5     9    10    13
     6    16    11    10     7
\end{lstlisting}

在进行矩阵分解之前，我们需要验证该矩阵 $A$ 是否可逆
\begin{lstlisting}[language=Matlab]  
>> det(A)==0
ans =
  logical
   0
\end{lstlisting}
输出为逻辑 $0$ ，则表示矩阵 $A$ 的行列式不为 $0$，矩阵是可逆的，满足 $LU$ 分解的基本条件，可以进行分解


调用 Matlab 自带的函数 \lstinline|lu()| 进行矩阵分解，\lstinline|[L,U] = lu(A)| 函数可以将满秩矩阵 $A$ 分解为一个上三角矩阵 $U$ 和一个经过置换的下三角矩阵 $L$，使得
\begin{equation}
    A = LU
\end{equation}

\begin{lstlisting}[language=Matlab]  
>> [L,U] = lu(A)
L =

    1.0000         0         0         0         0
    0.2857    0.6136    0.7965    1.0000         0
    0.1429   -0.0114    1.0000         0         0
    0.3571    0.1705    0.5044    0.1823    1.0000
    0.4286    1.0000         0         0         0
U =
    14.0000    8.0000         0    4.0000    4.0000
          0   12.5714   11.0000    8.2857    5.2857
          0         0   14.1250   18.5227   11.4886
          0         0         0  -11.9799   -4.5366
          0         0         0         0    5.7024
\end{lstlisting}

为了验证结果，我们将上三角矩阵 $U$ 和下三角矩阵 $L$ 相乘
\begin{lstlisting}[language=Matlab]  
>> RES=L*U
RES =
   14.0000    8.0000         0    4.0000    4.0000
    4.0000   10.0000   18.0000    9.0000    9.0000
    2.0000    1.0000   14.0000   19.0000   12.0000
    5.0000    5.0000    9.0000   10.0000   13.0000
    6.0000   16.0000   11.0000   10.0000    7.0000
\end{lstlisting}
得到的结果矩阵 $B$ 与待分解矩阵一致


此外，该函数 \lstinline|[L,U,P] = lu(A)| 还可以返回一个置换矩阵 $P$，并满足 $A = P^TLU$。在此语法中，$L$ 是单位下三角矩阵，$U$ 是上三角矩阵。
\begin{lstlisting}[language=Matlab]  
>> [L,U,P] = lu(A)
L =
    1.0000         0         0         0         0
    0.4286    1.0000         0         0         0
    0.1429   -0.0114    1.0000         0         0
    0.2857    0.6136    0.7965    1.0000         0
    0.3571    0.1705    0.5044    0.1823    1.0000

U =
   14.0000    8.0000         0    4.0000    4.0000
         0   12.5714   11.0000    8.2857    5.2857
         0         0   14.1250   18.5227   11.4886
         0         0         0  -11.9799   -4.5366
         0         0         0         0    5.7024

P =
     1     0     0     0     0
     0     0     0     0     1
     0     0     1     0     0
     0     1     0     0     0
     0     0     0     1     0
\end{lstlisting}


验证分解的结果
\begin{lstlisting}[language=Matlab]  
>> RES=P'*L*U
RES =
   14.0000    8.0000         0    4.0000    4.0000
    4.0000   10.0000   18.0000    9.0000    9.0000
    2.0000    1.0000   14.0000   19.0000   12.0000
    5.0000    5.0000    9.0000   10.0000   13.0000
    6.0000   16.0000   11.0000   10.0000    7.0000
\end{lstlisting}


\section{利用 LU 分解求解线性方程组的 Matlab 实现}
假定需要求解的方程组为 $Ax=b$，即
\begin{equation}
    \begin{bmatrix}
        14 & 8  & 0  & 4  & 4  \\
        4  & 10 & 18 & 9  & 9  \\
        2  & 1  & 14 & 19 & 12 \\
        5  & 5  & 9  & 10 & 13 \\
        6  & 16 & 11 & 10 & 7
    \end{bmatrix}
    x = 
    \begin{bmatrix}
        12 \\ 16 \\ 9 \\ 8 \\ 16
    \end{bmatrix}
\end{equation}

求解上述方程组的过程如下
\begin{lstlisting}
>> b=[12;16;9;8;16];
>> [L,U,P] = lu(A);
>> y = L\(P*b)
y =
   12.0000
   10.8571
    7.4091
    0.0080
   -1.8752

>> x = U\y
x =
    0.7046
    0.3694
    0.6296
    0.1239
   -0.3288
\end{lstlisting}

验证结果
\begin{lstlisting}
>> RES=A*x
RES =
   12.0000
   16.0000
    9.0000
    8.0000
   16.0000
\end{lstlisting}


\section{LU 分解的 C++ 实现及结果验证}
\begin{lstlisting}[language=C++]
#include <iostream>
#include <Eigen/Dense>

using namespace std;
using namespace Eigen;
int main()
{
    Matrix<double, 5, 5> A;
    A<<14,8,0,4,4,4,10,18,9,9,2,1,14,19,12,5,5,9,10,13,6,16,11,10,7;
    cout << "matrix A:" << endl << A << endl << endl;

    FullPivLU<Matrix<double, 5, 5>> lu(A);

    Matrix<double, 5, 5> L = Matrix<double, 5, 5>::Identity();
    L.block<5,5>(0,0).triangularView<StrictlyLower>()=lu.matrixLU();
    cout << "matrix L:" << endl << L << endl << endl;

    Matrix<double, 5, 5> U = lu.matrixLU().triangularView<Upper>();
    cout << "matrix U:" << endl << U << endl << endl;

    cout << "reconstruct the original matrix A:" << endl;
    auto reconstruct = lu.permutationP().inverse() * L * U
                    * lu.permutationQ().inverse();
    cout << reconstruct << endl;
    cout << () << endl;

    return 0;
}
\end{lstlisting}

编译代码
\begin{lstlisting}[language=bash]
mkdir build
cd build
cmake -DCMAKE_BUILD_TYPE=Release ..
make -j8
cd ../bin
\end{lstlisting}
运行二进制文件，得到输出为
\begin{lstlisting}[language=bash]
E:\Projects\Matrix-Theory-Assignment\cpp\bin>lu.exe
matrix A:
14  8  0  4  4
4  10 18  9  9
2   1 14 19 12
5   5  9 10 13
6  16 11 10  7

matrix L:
           1           0           0           0           0
    0.526316           1           0           0           0
    0.210526    0.503401           1           0           0
    0.473684    0.615646 0.000613497           1           0
    0.526316    0.289116    0.226994    0.182325           1

matrix U:
       19        1        2       14       12
        0  15.4737  4.94737  3.63158 0.684211
        0        0  11.0884 -4.77551  1.12925
        0        0        0  9.13558  2.89387
        0        0        0        0  5.70244

reconstruct the original matrix A:
14  8  0  4  4
4  10 18  9  9
2   1 14 19 12
5   5  9 10 13
6  16 11 10  7
\end{lstlisting}
% \section{利用 LU 分解求解线性方程组的 C++ 实现}
